2.104000000000000000e+03
2.105000000000000000e+03
2.151000000000000000e+03
2.152000000000000000e+03
2.191000000000000000e+03
2.192000000000000000e+03
2.196000000000000000e+03
2.197000000000000000e+03
2.244000000000000000e+03
2.245000000000000000e+03
2.254000000000000000e+03
2.255000000000000000e+03
2.263000000000000000e+03
2.264000000000000000e+03
2.277000000000000000e+03
2.556000000000000000e+03
2.571000000000000000e+03
2.582000000000000000e+03
2.591000000000000000e+03
2.638000000000000000e+03
2.641000000000000000e+03
2.642000000000000000e+03
2.647000000000000000e+03
2.689000000000000000e+03
2.790000000000000000e+03
2.832000000000000000e+03
2.835000000000000000e+03
3.036000000000000000e+03
3.385000000000000000e+03
3.395000000000000000e+03
3.580000000000000000e+03
7.492000000000000000e+03
1.926000000000000000e+04
2.130200000000000000e+04
3.307000000000000000e+04
3.698200000000000000e+04
3.716700000000000000e+04
3.717700000000000000e+04
3.752600000000000000e+04
3.772700000000000000e+04
3.773000000000000000e+04
3.777200000000000000e+04
3.787300000000000000e+04
3.791600000000000000e+04
3.792000000000000000e+04
3.792100000000000000e+04
3.792400000000000000e+04
3.797100000000000000e+04
3.798000000000000000e+04
3.799100000000000000e+04
3.800600000000000000e+04
3.828500000000000000e+04
3.829800000000000000e+04
3.829900000000000000e+04
3.830700000000000000e+04
3.830800000000000000e+04
3.831700000000000000e+04
3.831800000000000000e+04
3.836500000000000000e+04
3.836600000000000000e+04
3.841000000000000000e+04
3.841100000000000000e+04
3.845700000000000000e+04
3.845800000000000000e+04
