2.976000000000000000e+03
5.778000000000000000e+03
9.650000000000000000e+03
1.455400000000000000e+04
1.751000000000000000e+04
1.902300000000000000e+04
1.902400000000000000e+04
1.904000000000000000e+04
1.996900000000000000e+04
1.997000000000000000e+04
1.997100000000000000e+04
1.997200000000000000e+04
1.997500000000000000e+04
1.997600000000000000e+04
1.997700000000000000e+04
1.997800000000000000e+04
1.998100000000000000e+04
1.998300000000000000e+04
1.998500000000000000e+04
1.998600000000000000e+04
1.998800000000000000e+04
1.998900000000000000e+04
2.057300000000000000e+04
2.057400000000000000e+04
2.057600000000000000e+04
2.057700000000000000e+04
2.057900000000000000e+04
2.058100000000000000e+04
2.058400000000000000e+04
2.058500000000000000e+04
2.058600000000000000e+04
2.058700000000000000e+04
2.059000000000000000e+04
2.059100000000000000e+04
2.059200000000000000e+04
2.059300000000000000e+04
2.152200000000000000e+04
2.153800000000000000e+04
2.153900000000000000e+04
2.305200000000000000e+04
2.600800000000000000e+04
3.091200000000000000e+04
3.478400000000000000e+04
3.758600000000000000e+04
